{"className":"Model","children":[{"name":"FieldSpawn","className":"Part","tags":["SceneSpawn"],"attributes":{"MarkerId":"FieldEntrance","SceneId":"FieldEntrance"},"properties":{"Anchored":true,"CanCollide":false,"Size":[4,2,4],"CFrame":[3525,1,-70,1,0,0,0,1,0,0,0,1],"Color":[0.3,0.55,0.35],"Material":"Neon","Transparency":0.35}},{"name":"EvilRamboSpawn","className":"Part","tags":["NPCSpawn"],"attributes":{"MarkerId":"EvilRamboSpawn","NPCType":"EvilRambo","SceneId":"Field"},"properties":{"Anchored":true,"CanCollide":false,"Size":[2,2,2],"CFrame":[3655,1,55,1,0,0,0,1,0,0,0,1],"Color":[0.4,0.2,0.15],"Material":"Neon","Transparency":0.35}},{"name":"PatrolA","className":"Part","tags":["PatrolPoint"],"attributes":{"MarkerId":"PatrolA","NPCType":"EvilRambo","SceneId":"Field","SequenceIndex":1},"properties":{"Anchored":true,"CanCollide":false,"Size":[2,2,2],"CFrame":[3555,1,35,1,0,0,0,1,0,0,0,1],"Color":[0.25,0.5,0.3],"Material":"Neon","Transparency":0.35}},{"name":"PatrolB","className":"Part","tags":["PatrolPoint"],"attributes":{"MarkerId":"PatrolB","NPCType":"EvilRambo","SceneId":"Field","SequenceIndex":2},"properties":{"Anchored":true,"CanCollide":false,"Size":[2,2,2],"CFrame":[3655,1,55,1,0,0,0,1,0,0,0,1],"Color":[0.25,0.5,0.3],"Material":"Neon","Transparency":0.35}},{"name":"PatrolC","className":"Part","tags":["PatrolPoint"],"attributes":{"MarkerId":"PatrolC","NPCType":"EvilRambo","SceneId":"Field","SequenceIndex":3},"properties":{"Anchored":true,"CanCollide":false,"Size":[2,2,2],"CFrame":[3645,1,-35,1,0,0,0,1,0,0,0,1],"Color":[0.25,0.5,0.3],"Material":"Neon","Transparency":0.35}},{"name":"FragmentA","className":"Part","tags":["LetterFragment"],"attributes":{"FragmentId":"A","MarkerId":"FragmentA","SceneId":"Field"},"properties":{"Anchored":true,"CanCollide":false,"Size":[2,2,2],"CFrame":[3545,1,20,1,0,0,0,1,0,0,0,1],"Color":[0.95,0.85,0.4],"Material":"Neon","Transparency":0.35}},{"name":"FragmentB","className":"Part","tags":["LetterFragment"],"attributes":{"FragmentId":"B","MarkerId":"FragmentB","SceneId":"Field"},"properties":{"Anchored":true,"CanCollide":false,"Size":[2,2,2],"CFrame":[3610,1,60,1,0,0,0,1,0,0,0,1],"Color":[0.95,0.85,0.4],"Material":"Neon","Transparency":0.35}},{"name":"FragmentC","className":"Part","tags":["LetterFragment"],"attributes":{"FragmentId":"C","MarkerId":"FragmentC","SceneId":"Field"},"properties":{"Anchored":true,"CanCollide":false,"Size":[2,2,2],"CFrame":[3650,1,-55,1,0,0,0,1,0,0,0,1],"Color":[0.95,0.85,0.4],"Material":"Neon","Transparency":0.35}},{"name":"TheftMarker","className":"Part","tags":["CinematicMarker"],"attributes":{"MarkerId":"TheftSteal","SceneId":"Field","SequenceIndex":1},"properties":{"Anchored":true,"CanCollide":false,"Size":[2,2,2],"CFrame":[3600,2,5,1,0,0,0,1,0,0,0,1],"Color":[0.7,0.4,0.5],"Material":"Neon","Transparency":0.35}},{"name":"TheftGigiMarker","className":"Part","tags":["CinematicMarker"],"attributes":{"MarkerId":"TheftGigi","SceneId":"Field","SequenceIndex":2},"properties":{"Anchored":true,"CanCollide":false,"Size":[2,2,2],"CFrame":[3606,2,7,1,0,0,0,1,0,0,0,1],"Transparency":1}},{"name":"FightSilhouetteMarker","className":"Part","tags":["CinematicMarker"],"attributes":{"MarkerId":"FightSilhouette","SceneId":"Field","SequenceIndex":3},"properties":{"Anchored":true,"CanCollide":false,"Size":[2,2,2],"CFrame":[3612,2,10,1,0,0,0,1,0,0,0,1],"Transparency":1}},{"name":"FieldFloor","className":"Part","attributes":{"SceneId":"Field","MarkerId":"FieldFloor"},"properties":{"Anchored":true,"CanCollide":true,"Size":[180,1,180],"CFrame":[3600,0,0,1,0,0,0,1,0,0,0,1],"Color":[0.28,0.4,0.28],"Material":"Grass"}},{"name":"FightEstablishMarker","className":"Part","tags":["CinematicMarker"],"attributes":{"MarkerId":"FightEstablish","SceneId":"Field","SequenceIndex":1},"properties":{"Anchored":true,"CanCollide":false,"Size":[1,1,1],"CFrame":[3606,5.5,1,-1,0,0,0,0.983188736076488,0.18259219384277633,0,0.18259219384277633,-0.983188736076488],"Color":[0.15,0.2,0.25],"Material":"Neon","Transparency":0.5}},{"name":"FightRamboStalkMarker","className":"Part","tags":["CinematicMarker"],"attributes":{"MarkerId":"FightRamboStalk","SceneId":"Field","SequenceIndex":2},"properties":{"Anchored":true,"CanCollide":false,"Size":[1,1,1],"CFrame":[3619,5.2,3,-0.813733471206735,-0.080303514124762165,0.57566412382313,0,0.99041000753873343,0.13815938971755121,-0.58123819371909646,0.11242491977466704,-0.805929773352382],"Color":[0.15,0.2,0.25],"Material":"Neon","Transparency":0.5}},{"name":"FightAttackTelegraphMarker","className":"Part","tags":["CinematicMarker"],"attributes":{"MarkerId":"FightAttackTelegraph","SceneId":"Field","SequenceIndex":3},"properties":{"Anchored":true,"CanCollide":false,"Size":[1,1,1],"CFrame":[3617,4.8,5,-0.74740931868365967,-0.1088536127216075,0.65538553641523245,0,0.98648586528956783,0.16384638410380811,-0.66436383882991978,0.12246031431180843,-0.73730872846713646],"Color":[0.15,0.2,0.25],"Material":"Neon","Transparency":0.5}},{"name":"FightFirstClashMarker","className":"Part","tags":["CinematicMarker"],"attributes":{"MarkerId":"FightFirstClash","SceneId":"Field","SequenceIndex":4},"properties":{"Anchored":true,"CanCollide":false,"Size":[1,1,1],"CFrame":[3612,5.8,2,-1,0,0,0,0.97799283642430745,0.20863847177051889,0,0.20863847177051889,-0.97799283642430745],"Color":[0.15,0.2,0.25],"Material":"Neon","Transparency":0.5}},{"name":"FightRamboAdvantageMarker","className":"Part","tags":["CinematicMarker"],"attributes":{"MarkerId":"FightRamboAdvantage","SceneId":"Field","SequenceIndex":5},"properties":{"Anchored":true,"CanCollide":false,"Size":[1,1,1],"CFrame":[3607,5,4,-0.7926239891046,0.09187560350267486,-0.6027487746789123,0,0.98858149368878112,0.15068719366972808,0.60971076084969245,0.1194382845534773,-0.78357340708258583],"Color":[0.15,0.2,0.25],"Material":"Neon","Transparency":0.5}},{"name":"FightGigiCounterMarker","className":"Part","tags":["CinematicMarker"],"attributes":{"MarkerId":"FightGigiCounter","SceneId":"Field","SequenceIndex":6},"properties":{"Anchored":true,"CanCollide":false,"Size":[1,1,1],"CFrame":[3618,5.4,6,-0.49101306336939532,-0.17569195706890178,0.85325172594135512,0,0.97945194528201673,0.20167768067704769,-0.871152209203766,0.0990263758024719,-0.48092370007603646],"Color":[0.15,0.2,0.25],"Material":"Neon","Transparency":0.5}},{"name":"FightRamboBackDownMarker","className":"Part","tags":["CinematicMarker"],"attributes":{"MarkerId":"FightRamboBackDown","SceneId":"Field","SequenceIndex":7},"properties":{"Anchored":true,"CanCollide":false,"Size":[1,1,1],"CFrame":[3608,4.8,3,-0.83048887127357851,0.067204738539674472,-0.55296632610725172,0,0.99269544852013114,0.12064719842340035,0.55703521853715632,0.10019615564096922,-0.82442252255990256],"Color":[0.15,0.2,0.25],"Material":"Neon","Transparency":0.5}},{"name":"FightGigiVictoryMarker","className":"Part","tags":["CinematicMarker"],"attributes":{"MarkerId":"FightGigiVictory","SceneId":"Field","SequenceIndex":8},"properties":{"Anchored":true,"CanCollide":false,"Size":[1,1,1],"CFrame":[3612,5.2,1,-1,0,0,0,0.99083016804429891,0.13511320473331351,0,0.13511320473331351,-0.99083016804429891],"Color":[0.15,0.2,0.25],"Material":"Neon","Transparency":0.5}}]}